2 94.373671917949522481 2.9997318051755428314e-07
4 114.51747134066586398 6.0000456869602203369e-07
8 74.816949976904609798 1.7000129446387290955e-06
16 5.6138658822045179875 6.6000211518257856369e-06
32 1.165800265614929998 2.6699999580159783363e-05
64 0.2792832418805097916 9.2899979790672659874e-05
128 0.069094821504158687731 0.000397199997678399086
256 0.017228844892485994933 0.0014668999938294291496
512 0.004304415380836701388 0.0059505999961402267218
1024 0.0010759292284472365964 0.026039599993964657187
2048 0.00026897139547799042703 0.11144659999990835786
4096 6.7242166865710828461e-05 0.40722349999123252928
8192 1.6810500202524281121e-05 1.6327861000027041882
16384 4.2026272630835137534e-06 6.1335608999943360686
