16 1.2522875435872506955 9.5000000328582245857e-05
32 0.29960834486066367788 0.00021000000015192199498
64 0.074099032373084128267 0.00048400000014225952327
128 0.018475140426955860562 0.0012689999998656276148
256 0.0046156928578362510507 0.0038770000001022708602
512 0.0011537300869370881173 0.015257000000019615982
1024 0.00028842045317389874981 0.060876000000007479684
2048 7.2104358485702846338e-05 0.24299699999983204179
4096 1.8026044392271955985e-05 0.9772769999999582069
8192 4.5065102582952931698e-06 3.9108390000001236331
16384 1.1266296056078317633e-06 15.53345599999965998
