16 1.2522875435872471428 9.9999999999999995475e-07
32 0.29960834486066545423 3.999999999999999819e-06
64 0.07409903237308768098 1.5999999999999999276e-05
128 0.018475140426950531491 6.20000000000000027e-05
256 0.0046156928578291456233 0.0002489999999999999809
512 0.001153730086940640831 0.0009070000000000000371
1024 0.00028842045317034603613 0.0034970000000000001084
2048 7.2104358483926489498e-05 0.013823000000000000217
4096 1.8026044397601026503e-05 0.054813000000000000611
8192 4.5065102618480068486e-06 0.21857399999999999052
16384 1.1266296091605454421e-06 0.87310500000000001997
