16 1.2522875435872542482 3.5999999454361386597e-05
32 0.29960834486067255966 3.5000000025320332497e-05
64 0.074099032373077022839 6.2999999499879777431e-05
128 0.018475140426922109782 0.00015900000016699777916
256 0.0046156928579623723863 0.00051999999959662090987
512 0.0011537300866137911726 0.001919999999699939508
1024 0.00028842045386845427402 0.0072900000004665344022
2048 7.2104358935121126706e-05 0.029310999999324849341
4096 1.8026044646290984019e-05 0.11520500000005995389
8192 4.506508759050120716e-06 0.4629469999999855645
16384 1.1266292805345301531e-06 1.8350979999995615799
