16 1.2522875435872542482 9.9999999999999995475e-07
32 0.29960834486064769067 1.9999999999999999095e-06
64 0.074099032373091233694 9.000000000000000228e-06
128 0.018475140427000269483 9.2000000000000000072e-05
256 0.0046156928579126343948 0.00012699999999999999701
512 0.0011537300868802446985 0.00044099999999999998576
1024 0.00028842045321653131396 0.0031510000000000001549
2048 7.2104359059466105464e-05 0.013875999999999999446
4096 1.8026041617602572842e-05 0.040705999999999999128
8192 4.5065084002260391571e-06 0.1888309999999999711
16384 1.1266295878442633693e-06 0.63393500000000002625
