16 1.2522875435872542482 9.5000000328582245857e-05
32 0.29960834486064769067 8.5000000581203494221e-05
64 0.07409903237308768098 0.0001169999995909165591
128 0.01847514042700204584 0.00016300000061164610088
256 0.0046156928579144107516 0.00030800000058661680669
512 0.0011537300868802446985 0.0010159999992538359948
1024 0.00028842045322186038447 0.0033140000005005276762
2048 7.2104359055913391785e-05 0.012795999999980267603
4096 1.8026041615826216002e-05 0.046272999999928288162
8192 4.5065083966733254783e-06 0.20258400000057008583
16384 1.1266295842915496905e-06 0.7979580000001078588
