1024 0.02659796685899395996 0.00015999999959603883326
2048 0.024805972513221807851 0.00020200000108161475509
4096 0.0079654797160826351643 0.00030100000003585591912
8192 0.011909549705108712914 0.00044600000001082662493
16384 0.0013794479527020619969 0.00062199999956646934152
32768 0.0021465941859251103097 0.0011699999995471443981
65536 0.0046494046713041470298 0.0020279999989725183696
131072 0.0029188618796405219058 0.0035659999994095414877
262144 0.00094842133883177304199 0.0067249999992782250047
524288 0.0035889678153642190495 0.013703999999052030034
