2 0.19321963141257825214 0.0010001659393310546875
4 0.64714156332386496562 0.000999927520751953125
8 0.43858929264983048668 0
16 0.22301859615311503404 0
32 0.083545416759475354951 0
64 0.21515382355434553574 0.0010001659393310546875
128 0.05269730040289655193 0.000999927520751953125
256 0.0079341625211685196106 0.000999927520751953125
512 0.028706066056577439483 0
1024 0.02879461107981051704 0
2048 0.0020785824237385952529 0.000999927520751953125
4096 0.0043004526854666380586 0.006999969482421875
8192 0.0055344884688923734473 0.00199985504150390625
16384 0.0014356347421646820095 0.00899982452392578125
32768 0.00066993758975986139603 0.0059998035430908203125
65536 0.003952354260222223914 0.013000011444091796875
131072 0.00066778053370164514035 0.023000001907348632812
262144 0.00046386559048450237697 0.046000003814697265625
524288 0.0011590194416333243765 0.085999965667724609375
1048576 0.00076150744909142531469 0.1770000457763671875
2097152 8.5267014602319335381e-06 0.34800004959106445312
4194304 3.4357889362013338541e-05 0.71499991416931152344
8388608 0.00014426513138454666318 1.3550000190734863281
16777216 1.023278765710511351e-05 2.8190000057220458984
33554432 2.6468065773110893701e-05 5.8180000782012939453
