2 0.65997313061900009235 0.00055319999228231608868
4 37.932915164831783272 0.00064310000743716955185
8 21.783836161597253778 0.00063320001936517655849
16 38.279592381094566633 0.00067109998781234025955
32 12.000701716197488267 0.0014455000055022537708
64 7.6052942488608819005 0.00082610000390559434891
128 8.2009360872173342472 0.0012933000107295811176
256 13.701795463791638596 0.0014345000090543180704
512 2.1345911225612899109 0.001026000012643635273
1024 7.0050971812176614506 0.00089670001761987805367
2048 0.61928231287102075697 0.00075279999873600900173
4096 2.135651234472831117 0.00080560002243146300316
8192 0.43879416716924835029 0.0011225999915041029453
16384 0.48368552347345555864 0.0015946999774314463139
32768 0.022111035723782888895 0.002788399986457079649
65536 0.12692324482336608815 0.008537400019122287631
131072 0.16833487055357981843 0.015586199995595961809
262144 0.63566383935643411274 0.017139799980213865638
524288 0.14382268749281873488 0.041062400006921961904
1048576 0.024910015165052895592 0.072914999997010454535
2097152 0.052729361231698447521 0.14625779999187216163
4194304 0.05440761149847070377 0.29720760000054724514
8388608 0.0067553798680153797837 0.61772609999752603471
16777216 0.044433584501127464106 1.1870279999857302755
33554432 0.00090600279500185822591 2.4944979999854695052
