1024 0.00065783609966907352629 0.00066899999999999999831
2048 0.0044496262963775734534 0.00017599999999999999542
4096 0.0011927971866912967513 0.00013599999999999999893
8192 0.00048082005240493441711 0.00018599999999999999455
16384 0.00050893566411502888513 0.00035799999999999997406
32768 6.8193440489250356507e-05 0.00069200000000000001527
65536 2.3433181305321237886e-05 0.0015490000000000000296
131072 0.0011991247266354976286 0.0021900000000000001063
262144 0.00053065310280075994598 0.004956999999999999601
524288 0.00046575379574564923502 0.0086940000000000003388
1048576 6.3909604447909273972e-05 0.017441999999999999171
2097152 6.0098455679391538098e-05 0.033403000000000002134
4194304 2.1497659351221720669e-05 0.065716999999999997639
8388608 5.9192629021098674968e-05 0.12156999999999999751
