1024 0.0077596115935489873294 0.00024599999960628338158
2048 0.0012936022342153741249 0.00021600000036414712667
4096 0.006809940159264948889 0.000286999998934334144
8192 0.0044654757667124123088 0.00052899999900546390563
16384 0.010706555552203012027 0.00055700000120850745589
32768 0.0013216753875995301826 0.0011409999988245544955
65536 0.006068244745464745904 0.0018149999996239785105
131072 0.0036168745780635891407 0.0034090000008291099221
262144 0.0011083665014194332699 0.0059049999999842839316
524288 0.0032474245550664360138 0.011223999999856459908
