1024 0.0084541244578654195507 0.00016300000000000000469
2048 0.001769441746570454832 0.00013899999999999999053
4096 0.0021811823823281173418 0.00015499999999999999997
8192 0.0032916818024122385111 0.00027199999999999999786
16384 0.0024898876256727042744 0.00045100000000000001199
32768 0.0011181535645418405611 0.0008289999999999999843
65536 0.00093701797047804347152 0.0015579999999999999231
131072 0.0012400318970788859474 0.0028779999999999999159
262144 0.00023212860353083453191 0.0056410000000000001807
524288 0.00054440232033148294732 0.010201999999999999263
1048576 0.00013969431179067237636 0.020955000000000001403
2097152 0.00018008292687668459031 0.041218999999999998696
4194304 7.3140924869097290184e-05 0.071097999999999994536
8388608 2.980797338153484688e-05 0.13778199999999998782
