1024 0.0013209949066375070714 0.00010400000064691994339
2048 0.015927145489112337629 0.00014700000065204221755
4096 0.0017618355842503596875 0.00020700000095530413091
8192 0.018612556755248643725 0.00034200000118289608508
16384 0.0082820898254292174556 0.00066199999855598434806
32768 0.00043687400880743076925 0.0013529999996535480022
65536 0.0014743287141008032393 0.0023320000000239815563
131072 0.0025734168370650234436 0.0050109999992855591699
262144 0.0010581291422295802107 0.0089680000000953441486
524288 0.0020103187563267344018 0.017774999998437124304
