1024 0.011319696224041775334 5.800000000000000034e-05
2048 0.0013324117413381353359 5.0999999999999999598e-05
4096 0.0020630397520435828085 0.00016200000000000000749
8192 0.00015635899043303647105 0.00022200000000000000224
16384 0.00023014091084622156913 0.00041699999999999999871
32768 0.0016727660165335445086 0.0012390000000000000839
65536 0.00073656975542701896842 0.0011750000000000000461
131072 4.2708487683840168359e-05 0.0022279999999999999458
262144 0.00015732384056310610987 0.0044359999999999998391
524288 0.00016038985059377286468 0.0087500000000000008327
1048576 2.5208977580237768024e-05 0.017430000000000001048
2097152 5.7945647085944074206e-05 0.034717999999999998861
4194304 3.2774812488645110875e-05 0.069457000000000004847
8388608 3.0694411961851297832e-05 0.13866700000000001247
