2 0.012753132933546351691 0.001000899996142834425
4 0.12629845847176091045 0.00035930000012740492821
8 0.007173577000198327891 0.00035479999496601521969
16 0.12087150339708072067 0.00045540000428445637226
32 0.0077886172682679888357 0.00040769999031908810139
64 0.045217563633209723051 0.00034130000858567655087
128 0.011319464937353057588 0.00038680000579915940762
256 0.0060134213736951214191 0.00059599999804049730301
512 0.007145933702081552763 0.00053349998779594898224
1024 0.002250007528198039175 0.00046550002298317849636
2048 0.0085245432711479607324 0.00054999999701976776123
4096 0.00093140057952356691828 0.00097490000189282000065
8192 0.00050451832882586478135 0.0010688999900594353676
16384 0.0020282085415642692183 0.0016941999783739447594
32768 0.00060540332141284514123 0.0025916000013239681721
65536 0.00075118150298372765583 0.0060273999988567084074
131072 0.00072793478449895143712 0.0099343000038061290979
262144 0.0001832698854487835316 0.023791800020262598991
524288 0.00038533278833102757588 0.041913199995178729296
1048576 0.0001295435119010313052 0.091324400011217221618
2097152 4.2698514550909560938e-05 0.18191410001600161195
4194304 0.00010370510667112586844 0.34114350000163540244
8388608 0.00010049778155996058615 0.6950897000206168741
16777216 1.4083990222957254446e-05 1.4144092999922577292
33554432 3.4496856690047206229e-05 2.8494485999981407076
