1024 0.0065318004375825577945 5.0000000000000002396e-05
2048 0.00096534490342603529456 8.8999999999999994914e-05
4096 0.00063128495171632659222 0.00019399999999999999927
8192 0.0019228169517720439252 0.00028499999999999998859
16384 0.00010315479806172200838 0.00056899999999999995286
32768 0.00030132159400664271232 0.0011670000000000000685
65536 0.0012207572736986360695 0.0023170000000000000491
131072 0.00097468618343518609315 0.00436899999999999962
262144 0.00056558846475135426957 0.0086210000000000001907
524288 0.00041712777156499569742 0.016865999999999999048
1048576 0.00012477114111186793366 0.033642999999999999294
2097152 0.00018176485087148530617 0.067424999999999998823
4194304 8.3309018771793308389e-05 0.13457299999999999818
8388608 3.1244498517324359455e-06 0.26978800000000002779
