1024 0.0042115094075189096756 0.00011400000000000000628
2048 0.00038755557630248960166 6.600000000000000506e-05
4096 0.00024153042869490271016 8.1000000000000003746e-05
8192 0.00061107071649768585075 0.00026899999999999997915
16384 0.00039800631405895181558 0.0005419999999999999471
32768 2.4410399511565206154e-05 0.00068300000000000001335
65536 7.1024509845307726152e-05 0.00132400000000000009
131072 0.00089369050217369405686 0.0026189999999999998004
262144 9.4877186786523903805e-05 0.0051789999999999995761
524288 0.00033170554138062247063 0.0098270000000000006651
1048576 0.00019340346991128520848 0.019962000000000000577
2097152 4.4465098236912137253e-05 0.031103999999999999704
4194304 4.8110219332514470025e-05 0.079843999999999998307
8388608 5.2974921161408339287e-05 0.15775900000000001033
