1024 0.026829346846349078071 0.00016199999845412094146
2048 0.0038592315427470325062 0.00020699999913631472737
4096 0.016222771471930741427 0.00028999999994994141161
8192 0.027513604069543617925 0.00047600000107195228338
16384 0.00095968988667460841668 0.00072600000021338928491
32768 0.005679460297345451103 0.0012489999990066280589
65536 0.0041767305270079546631 0.0021019999985583126545
131072 0.00042229807587967904681 0.0044500000003608874977
262144 0.00053899185829742179976 0.0087829999993118690327
524288 0.0016270331745202870621 0.016847000000780099072
