2 0.22282302926817418309 0.00022710001212544739246
4 0.017267082063317784613 0.00018740000086836516857
8 0.061791476260564914824 0.00019469999824650585651
16 0.0055997625815358831325 0.0001879000046756118536
32 0.015520276378651165494 0.00017919999663718044758
64 0.039823946931945741756 0.00020649997168220579624
128 0.02529000749134358017 0.0002724000078160315752
256 0.0080226256089025727025 0.00026300002355128526688
512 0.014422383528587434665 0.00025449998793192207813
1024 0.0076850354453700253643 0.00048469999455846846104
2048 0.0094375820152964307042 0.00055930000962689518929
4096 0.0010251011872982607187 0.00075700000161305069923
8192 0.00037319946522462732474 0.0012936999846715480089
16384 0.0022399270125657566588 0.0024581000034231692553
32768 0.00016899999636107998491 0.0050445000233594328165
65536 0.00096764692736583945987 0.0094869000022299587727
131072 0.0010289457123644485392 0.018478600017260760069
262144 0.00038090050020994636881 0.038304800022160634398
524288 3.49371475323323466e-05 0.073804099985864013433
1048576 1.2223708332093075057e-05 0.16185800000675953925
2097152 0.0001452732806423995271 0.30444250002619810402
4194304 4.9644349307542690042e-05 0.60198030000901781023
8388608 4.7298751313373799121e-06 1.2332734999945387244
16777216 6.6386790515404747737e-06 2.3555298999999649823
33554432 6.3111798647264016893e-05 4.6869991999992635101
