1024 0.011148225724633753497 7.7000000000000001386e-05
2048 0.000433830116215977446 6.9999999999999993868e-05
4096 0.0011871930098562577527 0.00011000000000000000392
8192 0.0058746356181804681995 0.00023100000000000000416
16384 0.0025080565653854414165 0.00039700000000000000046
32768 0.00071997151590902364049 0.00075900000000000001753
65536 0.0010225145354592068969 0.0016750000000000000566
131072 0.00011370924894005263184 0.0029469999999999999668
262144 0.00017125097903858410575 0.0058329999999999996435
524288 4.8921991037287337889e-05 0.011580999999999999281
1048576 5.4796597811823666291e-05 0.023148999999999999438
2097152 0.00018886560431363719204 0.046381999999999999618
4194304 0.00011629561818587985655 0.092559000000000002384
8388608 4.8133170827135973724e-05 0.18551500000000001322
