1024 0.024552310743812810756 0.00021899999956076499075
2048 0.037855497582293118342 0.00019800000154646113515
4096 0.023884488349004584506 0.00025600000117265153676
8192 0.0033697892823627562109 0.00039800000013201497495
16384 0.0024436743369333768783 0.00068000000101164914668
32768 0.0006808924612171640689 0.0011990000002697343007
65536 0.0076603264691579298074 0.002248999999210354872
131072 0.00076527674267157230759 0.0037899999988439958543
262144 0.0018133093612124895344 0.007281999998667743057
524288 0.0010506116258439668343 0.014463999999861698598
