1024 0.015931296769796821078 0.0001669999999999999935
2048 0.0021740793198910535189 0.00015499999999999999997
4096 0.0023234267128681151959 0.00021300000000000000031
8192 0.0026547346808905025739 0.00012699999999999999701
16384 2.2553159038152248428e-05 0.00047499999999999999905
32768 0.00020132576741388463759 0.0010469999999999999706
65536 0.00017119916184349381894 0.00091799999999999997921
131072 0.00014375468280464209769 0.0026870000000000001522
262144 0.00073315695541345538011 0.0051019999999999997645
524288 0.0003432879745741412858 0.010174000000000000751
1048576 3.6416830851149217807e-05 0.021216999999999999749
2097152 0.00016050615111218302644 0.034082000000000001183
4194304 9.2073986932506013403e-05 0.075593999999999994532
8388608 2.2470647798811249629e-05 0.11714900000000000313
