1024 0.0069818855001826385376 0.00013100000000000001292
2048 0.0030449484534610382624 0.00014400000000000000365
4096 0.00042317905817185197392 0.00026899999999999997915
8192 0.00024796381219133190044 0.00051000000000000003664
16384 0.0019563873007128196324 0.0010169999999999998919
32768 0.0011159051651810913963 0.0019910000000000001481
65536 0.00058326076575956897763 0.0041869999999999997498
131072 0.00095332598966280102104 0.0081089999999999998886
262144 6.2989917139488760256e-05 0.016962000000000001382
524288 0.00010280226667289116271 0.032670999999999998653
1048576 0.00015548340448412467651 0.065405000000000004801
2097152 1.2265518131521213618e-05 0.13083900000000001085
4194304 6.8445639030467742003e-05 0.26287100000000002131
8388608 3.1830844280655856693e-05 0.52506399999999997519
