1024 0.013104594842241912289 0.00042199999916192609817
2048 0.011562108481097510548 0.00040600000102131161839
4096 0.021974815506299649748 0.00064600000041536986828
8192 0.0098227275533786517769 0.0010849999998754356056
16384 0.01362165396385828231 0.0019769999998970888555
32768 0.0032730512719268967103 0.0036000000000058207661
65536 0.0014682053690325824746 0.0067479999997885897756
131072 0.005530918008470608882 0.012834000001021195203
262144 4.4695661730598246209e-05 0.02555499999834864866
524288 0.00072455827793604932197 0.050486000000091735274
