1024 0.0025280531678708584309 0.00023099999998521525413
2048 0.040754166595402985251 0.00026900000011664815247
4096 0.0033959296323893273239 0.00038900000072317197919
8192 0.011951799858588740832 0.0003640000013547251001
16384 0.009870144469638297835 0.00055200000133481808007
32768 6.3539947305901733898e-06 0.00092399999994086101651
65536 0.0021483400233328620033 0.0016930000001593725756
131072 0.00083348949589368004354 0.0034560000003693858162
262144 0.0017134366249595966991 0.0066120000010414514691
524288 0.00098322543248452465292 0.013556000001699430868
