2 1436.8763082840368952 0.10199999999999999345
4 717.9381541420184476 0.0050000000000000001041
8 358.4690770710092238 0.0050000000000000001041
16 178.7345385355046119 0.0050000000000000001041
32 88.867269267752320161 0.0050000000000000001041
64 43.93363463387616008 0.0050000000000000001041
128 21.466817316938076488 0.0050000000000000001041
256 10.233408658469038244 0.0050000000000000001041
512 4.6167043292345200101 0.0050000000000000001041
1024 1.808352164617259783 0.0050000000000000001041
2048 0.40417608230862983598 0.0050000000000000001041
4096 0.29791195884568505425 0.0050000000000000001041
8192 0.64895597942284244386 0.0050000000000000001041
16384 0.82447798971142127744 0.0050000000000000001041
32768 0.91223899485571058321 0.0050000000000000001041
65536 0.9561194974278552916 0.0050000000000000001041
131072 0.9780597487139276458 0.0050000000000000001041
262144 0.97800051178808899977 0.0050000000000000001041
524288 0.98348748548172337802 0.0050000000000000001041
1048576 0.98623594446762485877 0.0050000000000000001041
2097152 0.98622896495709444498 0.0050000000000000001041
4194304 0.98691402877436251728 0.0050000000000000001041
8388608 0.98725483514961931419 0.0050000000000000001041
16777216 0.98725390842760785137 0.010000000000000000208
33554432 0.98733625697885230021 0.01799999999999999864
