2 23.814569141384350104 0.10499999999999999611
4 82.53606426093905668 0
8 6.0626880785018819608 0
16 1.2522875435872808936 0
32 0.29960834486066545423 0
64 0.074099032373096562765 0
128 0.018475140427021585765 0
256 0.0046156928578469091917 0
512 0.0011537300869424171879 0.0010000000000000000208
1024 0.00028842045367127866484 0.0050000000000000001041
2048 7.2104359206903723134e-05 0.021999999999999998723
4096 1.8026041448848673099e-05 0.089999999999999996669
8192 4.5065063751792422408e-06 0.35299999999999998046
16384 1.1266408677101935609e-06 1.3709999999999999964
