2 2.40261e-05 0.0006398
4 1.51131e-07 0.0002634
8 2.36497e-09 0.0002563
16 3.69567e-11 0.0002595
32 5.76872e-13 0.0003137
64 9.32587e-15 0.0002505
128 0 0.0002149
256 0 0.0004038
512 8.88178e-16 0.0002139
1024 0 0.0002142
2048 4.44089e-16 0.0002225
4096 0 0.0001741
8192 8.88178e-16 0.0001736
16384 4.44089e-16 0.000178
32768 1.33227e-15 0.0002114
65536 4.88498e-15 0.0002332
131072 6.66134e-15 0.0002591
262144 8.88178e-15 0.0003307
524288 8.88178e-16 0.0005258
1048576 1.77636e-14 0.000853
2097152 9.32587e-15 0.0021081
4194304 2.04281e-14 0.0028351
8388608 3.9968e-14 0.0054394
16777216 8.08242e-14 0.011198
33554432 1.24345e-14 0.0222631
67108864 7.86038e-14 0.0428758
134217728 4.88498e-15 0.0836539
268435456 3.48166e-13 0.160281
536870912 4.2899e-13 0.305558
1073741824 1.70086e-13 0.624124
