2 23.814569141384300366 0
4 82.536064260939070891 0
8 6.062688078501892619 0
16 1.2522875435872649064 0
32 0.29960834486066367788 0
64 0.074099032373110773619 0
128 0.018475140427032243906 0.014999999999999999445
256 0.0046156928578469091917 0
512 0.0011537300869370881173 0.061999999999999999556
1024 0.00028842045367483137852 0.21900000000000000022
2048 7.210435918914015474e-05 0.85699999999999998401
4096 1.8026041448848673099e-05 3.4249999999999998224
8192 4.5065063503102464892e-06 13.737000000000000099
16384 1.1266408623811230427e-06 54.381000000000000227
