16 0.24844235331440889247 0
32 0.1697311325064398968 0
64 0.036658200077994584909 0
128 0.073683455426336363914 0
256 0.057551449320340064553 0
512 0.042790013573736240815 0
1024 0.0045153371817017173839 0
2048 0.023916136951508626396 0
4096 0.0034597713561244081149 0
8192 0.0086898536252568714389 0
16384 0.0014175647191088103227 0
32768 0.0016178961725146212558 0
65536 0.0043458930058601907831 0.025999999999999998807
131072 0.0005945761821888329024 0.021000000000000001305
262144 0.00026804174898797938909 0.045999999999999999223
524288 0.0014407670246072701303 0.10899999999999999967
1048576 0.00068594841645364112992 0.22300000000000000377
2097152 0.00012242888970703802443 0.41899999999999998357
4194304 0.00026706952142496742653 0.84599999999999997424
8388608 0.00019363745961564760023 1.7099999999999999645
16777216 0.00029274866365724960815 3.3900000000000001243
33554432 2.8912628592392408677e-06 6.8129999999999997229
