2 0.0031311151282551463737 0
4 9.2038096228819199496e-06 0
8 3.443008411707637606e-07 0
16 5.2482604928627551999e-09 0
32 1.3826539912997759529e-10 0
64 2.1596058275008545024e-12 0
128 3.8635761256955447607e-14 0
256 8.8817841970012523234e-16 0
512 3.9968028886505635455e-15 0
1024 8.8817841970012523234e-16 0
2048 1.3322676295501878485e-15 0
4096 7.5495165674510644749e-15 0
8192 1.2878587085651815869e-14 0
16384 4.4408920985006261617e-16 0
32768 2.3980817331903381273e-14 0
65536 3.01980662698042579e-14 0
131072 7.7271522513910895213e-14 0
262144 8.8817841970012523234e-15 0
524288 1.2878587085651815869e-14 0
1048576 3.8191672047105384991e-14 0
2097152 2.9309887850104132667e-14 0.014999999999999999445
4194304 1.6164847238542279229e-13 0
8388608 5.4889426337467739359e-13 0.014999999999999999445
16777216 2.7222668563808838371e-13 0.030999999999999999778
33554432 7.3452355309200356714e-13 0.077999999999999999889
67108864 3.0375701953744282946e-13 0.125
134217728 3.3395508580724708736e-13 0.2670000000000000151
268435456 5.9374727356953371782e-13 0.54900000000000004352
536870912 7.3141492862305312883e-13 1.0669999999999999485
1073741824 2.2999380178134742891e-12 2.1499999999999999112
