2 inf 0
4 1.0541416731976358534 0
8 1.5113108631226168654e-07 0
16 2.3649713298823371588e-09 0
32 3.6957104043722210918e-11 0
64 5.768718835952313384e-13 0
128 8.8817841970012523234e-15 0
256 0 0
512 8.8817841970012523234e-16 0
1024 0 0
2048 2.2204460492503130808e-15 0
4096 1.7763568394002504647e-15 0
8192 0 0
16384 3.5527136788005009294e-15 0
32768 3.9968028886505635455e-15 0
65536 1.154631945610162802e-14 0
131072 3.5527136788005009294e-15 0
262144 1.7763568394002504647e-15 0
524288 3.0642155479654320516e-14 0
1048576 1.4210854715202003717e-14 0
2097152 1.4210854715202003717e-14 0.0010000000000000000208
4194304 8.8817841970012523234e-16 0.0030000000000000000625
8388608 6.6613381477509392425e-14 0.0060000000000000001249
16777216 3.6415315207705134526e-14 0.0240000000000000005
33554432 2.5313084961453569122e-13 0.040000000000000000833
67108864 1.4965806371947110165e-13 0.060999999999999998668
134217728 1.5276668818842153996e-13 0.16600000000000000866
268435456 1.6964207816272391938e-13 0.33100000000000001643
536870912 2.6201263381153694354e-13 0.67100000000000004086
1073741824 4.8760995241536875255e-13 1.4339999999999999414
