1024 4.4408920985006261617e-16 0.00013299999409355223179
2048 4.4408920985006261617e-16 0.00032600000849924981594
4096 4.4408920985006261617e-16 0.00016399999731220304966
8192 1.3322676295501878485e-15 0.0002579999854788184166
16384 4.4408920985006261617e-16 0.00016500000492669641972
32768 2.664535259100375697e-15 0.00024100000155158340931
65536 0 0.0001920000067912042141
131072 1.7763568394002504647e-15 0.00039699999615550041199
262144 8.8817841970012523234e-16 0.00032099999953061342239
524288 8.8817841970012523234e-16 0.0007379999733529984951
1048576 8.8817841970012523234e-15 0.00098199999774806201458
2097152 1.1102230246251565404e-14 0.0022389999940060079098
4194304 9.7699626167013775557e-15 0.0032060000230558216572
8388608 1.1102230246251565404e-14 0.0064689999853726476431
16777216 2.6201263381153694354e-14 0.013241000007838010788
33554432 3.9968028886505635455e-14 0.023759000003337860107
67108864 3.3750779948604758829e-14 0.040918999991845339537
134217728 2.4424906541753443889e-14 0.083951999986311420798
268435456 6.838973831690964289e-14 0.17361800000071525574
536870912 1.4077627952246984933e-13 0.34172399999806657434
1073741824 8.4376949871511897072e-15 0.69947699998738244176
