2 0.0031311151282551463737 0.0010001659393310546875
4 9.2038096228819199496e-06 0
8 3.443008411707637606e-07 0.000999927520751953125
16 5.2482596046843354998e-09 0.000999927520751953125
32 1.3826584321918744536e-10 0.000999927520751953125
64 2.1604940059205546277e-12 0
128 3.8191672047105384991e-14 0.000999927520751953125
256 0 0.000999927520751953125
512 4.4408920985006261617e-16 0
1024 1.7763568394002504647e-15 0
2048 8.8817841970012523234e-16 0
4096 4.4408920985006261617e-16 0
8192 8.8817841970012523234e-16 0.000999927520751953125
16384 6.2172489379008766264e-15 0
32768 1.3322676295501878485e-15 0
65536 5.329070518200751394e-15 0
131072 5.329070518200751394e-15 0.0020000934600830078125
262144 1.9984014443252817728e-14 0.0010001659393310546875
524288 3.1086244689504383132e-14 0.0010001659393310546875
1048576 3.1974423109204508364e-14 0.0010001659393310546875
2097152 3.1086244689504383132e-14 0.0039999485015869140625
4194304 4.4408920985006261617e-16 0.006000041961669921875
8388608 2.3980817331903381273e-14 0.013000011444091796875
16777216 7.9491968563161208294e-14 0.026999950408935546875
33554432 4.174438572590588592e-14 0.055000066757202148438
67108864 1.0302869668521452695e-13 0.10699987411499023438
134217728 3.1841196346249489579e-13 0.23699998855590820312
268435456 6.6613381477509392425e-15 0.48099994659423828125
536870912 1.9140244944537698757e-13 0.96000003814697265625
1073741824 4.3076653355456073768e-14 1.83300018310546875
