16 2.3649713298823371588e-09 0
32 3.6956659954512360855e-11 0
64 5.7731597280508140102e-13 0
128 8.8817841970012523234e-15 0
256 0 0
512 8.8817841970012523234e-16 0
1024 4.4408920985006261617e-16 0
2048 4.4408920985006261617e-16 0
4096 0 0
8192 0 0
16384 8.8817841970012523234e-16 0
32768 4.4408920985006261617e-15 0
65536 8.8817841970012523234e-16 0
131072 2.664535259100375697e-15 0
262144 6.6613381477509392425e-15 0
524288 2.664535259100375697e-15 0
1048576 2.5757174171303631738e-14 0
2097152 1.7763568394002504647e-15 0
4194304 1.0658141036401502788e-14 0.0010000000000000000208
8388608 5.1514348342607263476e-14 0.0060000000000000001249
16777216 2.5313084961453569122e-14 0.010999999999999999362
33554432 4.9737991503207013011e-14 0.021000000000000001305
67108864 8.8817841970012523234e-15 0.042000000000000002609
134217728 7.9936057773011270911e-14 0.085000000000000006106
268435456 2.4868995751603506505e-14 0.16000000000000000333
536870912 9.858780458671390079e-14 0.32100000000000000755
1073741824 2.6290081223123706877e-13 0.66200000000000003286
