2 1.0749259869231266862 0
4 2.4026138812693886848e-05 0
8 1.5113108631226168654e-07 0
16 2.3649708857931273087e-09 0
32 3.6957104043722210918e-11 0
64 5.7820415122478152625e-13 0
128 8.8817841970012523234e-15 0
256 4.4408920985006261617e-16 0
512 0 0
1024 1.3322676295501878485e-15 0
2048 3.5527136788005009294e-15 0
4096 1.7763568394002504647e-15 0
8192 3.5527136788005009294e-15 0
16384 4.4408920985006261617e-15 0
32768 1.2434497875801753253e-14 0
65536 9.3258734068513149396e-15 0
131072 7.1054273576010018587e-15 0
262144 3.5527136788005009294e-15 0
524288 3.1974423109204508364e-14 0
1048576 3.5527136788005009294e-15 0.0010000000000000000208
2097152 1.0214051826551440172e-14 0.0030000000000000000625
4194304 1.3766765505351941101e-13 0.0060000000000000001249
8388608 1.5543122344752191566e-13 0.01200000000000000025
16777216 9.858780458671390079e-14 0.029000000000000001471
33554432 2.8954616482224082574e-13 0.06500000000000000222
67108864 3.0908609005564358085e-13 0.12399999999999999911
134217728 1.0880185641326534096e-13 0.24399999999999999467
268435456 3.0553337637684307992e-13 0.47899999999999998135
536870912 4.0323300254385685548e-13 1.0060000000000000053
1073741824 1.2709833185908792075e-12 2.0139999999999997904
