2 0.0031311151282551463737 0.00199985504150390625
4 9.2038096228819199496e-06 0
8 3.443008411707637606e-07 0.000999927520751953125
16 5.2482604928627551999e-09 0.00199985504150390625
32 1.3826539912997759529e-10 0.000999927520751953125
64 2.1604940059205546277e-12 0.0010001659393310546875
128 3.9079850466805510223e-14 0.0010001659393310546875
256 0 0.000999927520751953125
512 4.4408920985006261617e-16 0.000999927520751953125
1024 4.4408920985006261617e-16 0.000999927520751953125
2048 1.3322676295501878485e-15 0.0010001659393310546875
4096 4.4408920985006261617e-16 0.000999927520751953125
8192 2.2204460492503130808e-15 0.0010001659393310546875
16384 1.3322676295501878485e-15 0
32768 1.3322676295501878485e-15 0.000999927520751953125
65536 8.8817841970012523234e-16 0.000999927520751953125
131072 1.3322676295501878485e-15 0.000999927520751953125
262144 0 0.00199985504150390625
524288 7.1054273576010018587e-15 0.000999927520751953125
1048576 2.2204460492503130808e-15 0.0020000934600830078125
2097152 2.3092638912203256041e-14 0.0030000209808349609375
4194304 2.3536728122053318657e-14 0.006000041961669921875
8388608 8.4376949871511897072e-15 0.011999845504760742188
16777216 3.1086244689504383132e-15 0.018999814987182617188
33554432 1.2878587085651815869e-13 0.038999795913696289062
67108864 6.7501559897209517658e-14 0.084000110626220703125
134217728 1.6875389974302379414e-13 0.15799999237060546875
268435456 1.3322676295501878485e-15 0.31800007820129394531
536870912 1.1146639167236571666e-13 0.61299991607666015625
1073741824 1.4788170688007085118e-13 1.2419998645782470703
