2 0.93904780513912111672 0
4 0.33187657740259024486 0
8 0.48746156445878552343 0
16 0.11318788870854823436 0
32 0.053241339707001844594 0
64 0.032485726636256928579 0
128 0.016421897399073737134 0
256 0.060317325916645625483 0
512 0.01864521027752441551 0
1024 0.036529016511978484871 0
2048 0.0025957225333070876871 0
4096 0.011249619021442169853 0
8192 0.0058532122581638201808 0
16384 0.0028549378228370780874 0
32768 0.0019548759072587351682 0
65536 0.0019628220242990934707 0.014999999999999999445
131072 0.001823014661039845663 0.034000000000000002442
262144 0.001159808263910155901 0.042999999999999996558
524288 0.0010123096647117746372 0.094000000000000000222
1048576 0.00061083530730610124948 0.21900000000000000022
2097152 0.00067883252713907271669 0.42899999999999999245
4194304 8.8843667077176391444e-05 0.85399999999999998135
8388608 0.000246648570241370102 1.7019999999999999574
16777216 0.00031825489327319544941 3.411000000000000032
33554432 0.00020815559187803422958 6.8090000000000001634
67108864 0.00019399900811367665199 13.676000000000000156
134217728 0.00011667725467945366802 27.26699999999999946
